<?xml version="1.0"?>
<opencv_storage>
<calibration_time>"Mon Nov 24 13:41:44 2014"</calibration_time>
<nframes>50</nframes>
<image_width>640</image_width>
<image_height>480</image_height>
<board_width>4</board_width>
<board_height>7</board_height>
<square_size>1.</square_size>
<flags>0</flags>
<camera_matrix type_id="opencv-matrix">
  <rows>3</rows>
  <cols>3</cols>
  <dt>d</dt>
  <data>
    7.4996421600391398e+02 0. 3.1875359842741454e+02 0.
    7.4987021682074965e+02 2.6788511281699425e+02 0. 0. 1.</data></camera_matrix>
<distortion_coefficients type_id="opencv-matrix">
  <rows>5</rows>
  <cols>1</cols>
  <dt>d</dt>
  <data>
    -5.2444207884296923e-01 5.2610216006344601e-01
    1.9554004064529229e-03 -2.7901667712570991e-05
    -5.7099904644245592e-01</data></distortion_coefficients>
<avg_reprojection_error>2.0873858452717473e-01</avg_reprojection_error>
<per_view_reprojection_errors type_id="opencv-matrix">
  <rows>50</rows>
  <cols>1</cols>
  <dt>f</dt>
  <data>
    1.28127307e-01 1.13144152e-01 1.33382022e-01 1.67596072e-01
    2.32905477e-01 2.15898514e-01 2.89605767e-01 1.88279018e-01
    1.61833748e-01 1.41013518e-01 1.69370830e-01 2.44060710e-01
    3.01680118e-01 1.74577951e-01 1.76747158e-01 1.90588236e-01
    2.04099327e-01 1.74656615e-01 1.71359822e-01 1.52057022e-01
    1.68455556e-01 2.73121566e-01 3.50047201e-01 1.37776643e-01
    2.71817654e-01 2.60020047e-01 1.89252481e-01 2.36730054e-01
    2.43493900e-01 2.02479452e-01 1.60072282e-01 1.86453745e-01
    2.74695277e-01 2.09926069e-01 1.22060880e-01 3.31057727e-01
    2.37941220e-01 2.48958245e-01 2.76474595e-01 2.33610928e-01
    2.24457517e-01 1.35800689e-01 1.55954421e-01 1.83339670e-01
    1.52962014e-01 2.12844938e-01 1.59809813e-01 2.02937648e-01
    1.63806006e-01 1.18851699e-01</data></per_view_reprojection_errors>
<!-- a set of 6-tuples (rotation vector + translation vector) for each view -->
<extrinsic_parameters type_id="opencv-matrix">
  <rows>50</rows>
  <cols>6</cols>
  <dt>d</dt>
  <data>
    -9.6087265743046935e-02 4.7106876489142790e-01
    -1.4778064873863699e+00 -2.0219720712393658e+00
    -1.5336532931211411e+00 2.2349191185270705e+01
    1.0299416103655136e-01 2.7155356855574886e-01
    -1.4885366208896162e+00 -3.3114025357848518e+00
    -1.5856174605824587e+00 2.1888335772724915e+01
    2.8226268142924399e-01 1.6185788770693096e-01
    -1.4789232708477835e+00 -4.3272761739644121e+00
    -1.7082762221724810e+00 2.1480603431798947e+01
    5.6129685273325958e-01 1.2606416760507075e-01
    -1.4095697696784244e+00 -5.5891123868847812e+00
    -2.0777588577786599e+00 2.1212550246180740e+01
    9.1455971766592081e-01 1.4166716551058361e-02
    -1.3650360628298812e+00 -6.9099582433639535e+00
    -2.1544426491384741e+00 2.1042223700841156e+01
    8.2734240224890687e-01 -1.5904415845374623e-01
    -1.4140924248972060e+00 -6.8653113673981876e+00
    -6.3010253103896696e-01 2.0941008531812940e+01
    -3.1252263115228335e-01 6.8960332533055091e-01
    -1.6210311706351341e+00 2.2432670237969625e+00
    -8.9948787043513290e-01 2.1634699952073017e+01
    6.0718227549022452e-01 -3.8992809191633615e-01
    -1.5134589740993638e+00 -6.7609279352147524e+00
    6.1416668421170761e-01 2.0594745403394786e+01 4.9766655596399584e-01
    -4.7429620821808388e-01 -1.2481180111443584e+00
    -6.9937152921175452e+00 -2.8607633331383536e-01
    1.9989627093960266e+01 2.5247071522995090e-01
    -4.7082009323406465e-01 -1.3823671760083815e+00
    -6.7429240407185338e+00 2.9550961385595043e-01
    1.9968146151286483e+01 4.1630362784539930e-02
    -6.1264011395554252e-01 -1.3913511304933746e+00
    -6.3131491465901277e+00 5.9026109017170869e-01
    1.9424389984932485e+01 -1.5305735524851588e-01
    -7.7979082851184744e-01 -1.3156513144982311e+00
    -6.0896519697920937e+00 1.6828065835705146e+00
    1.9008817345553968e+01 -7.9451750590059522e-01
    -8.8408097061861546e-01 -1.3693817291812864e+00
    -9.2788407023171626e-01 4.6647091343332585e+00
    1.9928162399750686e+01 -3.1863007192416021e-01
    -4.3810750953875272e-01 -1.5271578794978582e+00
    -4.0047348333210903e-01 1.7510824825229170e+00
    2.2673394476875913e+01 1.4951238215617202e-01 5.8130707789363370e-02
    -1.5788694916795398e+00 -5.6957807601860277e-01
    -2.2188216951293069e-01 1.9593870954521783e+01
    1.2002427878566284e-01 2.6518608063390270e-01
    -1.5781465018938490e+00 -1.8206944293784062e+00
    4.8525048092612738e-01 1.4019892033787691e+01
    -3.8117830181910619e-03 7.2748383265283711e-01
    -1.4928810788955169e+00 -5.1046748940807152e-01
    -6.4833300132745697e-01 1.5655377399357958e+01
    -1.8440225823447920e-01 5.7523054804669582e-01
    -1.4699965744801460e+00 -6.8587865898507194e-01
    2.4825128535903984e-01 1.5819356007303124e+01
    -1.1825599630645037e-01 4.7755379576377971e-01
    -1.5170171196027327e+00 1.9967879228713425e-01
    3.8291170286551718e-01 1.5402305416197128e+01
    -3.5019413607252456e-02 3.3629974662162720e-01
    -1.5370479991199189e+00 -1.0213525200444671e+00
    5.3771103331577301e-02 1.5240296693936656e+01
    -1.7913929656037850e-01 1.1889331371981784e-01
    -1.4998309083213919e+00 -1.7281710663606555e+00
    5.7308391473688824e-01 1.4817264422678900e+01
    -4.5371391406903760e-01 -1.1140368535856712e-01
    -1.3840558758666333e+00 -1.0589840749287922e+00
    7.2576353656438242e-01 1.4082238717214217e+01
    -5.5545693743390112e-01 -3.4168327457726455e-01
    -1.3442914934899288e+00 -1.2570579330777389e+00
    1.4366934894737451e+00 1.4019511684541271e+01 1.2862038257947705e-01
    4.7667723548347352e-01 -2.4705891345993534e+00
    3.9317879627653665e+00 1.7158517844532017e-01 2.3134435949291269e+01
    -2.2190756504550746e-01 -4.4581284786746966e-01
    -1.4544099947929123e+00 -1.7753521593821782e+00
    1.6281418344632317e+00 1.3474290333155123e+01
    -4.3230586489716688e-01 -2.1785400190905369e-01
    -1.3693718190356241e+00 -1.7775004824373084e+00
    1.7325419054976363e+00 1.4548314735177057e+01
    -2.5395238627740196e-01 7.6884111088299845e-02
    -1.4221783600866074e+00 -1.3537391270187646e+00
    9.2065161745630553e-01 1.4055692649334352e+01 2.1936836173308841e-01
    5.5865525438682073e-01 -1.4609985774543166e+00
    -9.5313713487536489e-01 -1.3099210144471345e+00
    1.4554784284685255e+01 3.8571626594012248e-01 4.0086931390858271e-01
    -1.5631783242496391e+00 -2.0983902267303378e+00
    -9.9085678774917652e-01 1.4288964162836551e+01
    2.1502768595652047e-01 4.4539080163957462e-01
    -1.5459584694023705e+00 -2.0509970018325192e+00
    -5.2551595750272506e-01 1.4282396634401742e+01
    -2.4011201787684521e-02 3.2323293053377516e-01
    -1.5532375488936421e+00 -2.3479374406369939e+00
    5.1440173568967462e-01 1.4397841865341196e+01 8.3934302227899354e-02
    2.9323751140001485e-02 -1.6174963815274512e+00
    -9.2012129670106535e-01 6.9078147599643747e-01
    1.3109664065119485e+01 3.6408314766175986e-01
    -3.6324843155347392e-01 -1.6115333766455602e+00
    -1.9609508487066682e+00 7.5497971689256704e-01
    1.2368620390916783e+01 7.1108302427408399e-02
    -1.0841513105202290e-01 -1.5622372215969040e+00
    -1.0524338971656748e+00 6.6526213802031553e-01
    1.3198513255365922e+01 -1.7332333769399126e-02
    8.3940670690608232e-01 -2.2021820378215247e+00
    3.6671040482122921e+00 -1.3129064398685524e+00
    2.3818980835280346e+01 -3.9908578315632859e-01
    -5.2130252258262888e-01 -1.5538056820918005e+00
    -1.2093433629370831e+00 2.4196949861228849e+00
    1.3248322127222803e+01 1.1946366734416805e-01
    -1.4713023800250855e-01 -1.6658947546853597e+00
    -2.0222237977333282e+00 1.6045580499074710e+00
    1.3531390987885505e+01 1.8027471757468963e-01
    -6.4845958165369411e-01 -1.6426380198717161e+00
    -3.3399891982379168e+00 1.5727499403998231e+00
    1.2807454610102752e+01 7.7052920759588428e-01
    -1.0962197606533178e-01 -1.4705869153170692e+00
    -3.8161288046778683e+00 -6.0915274988796597e-01
    1.3895954368665430e+01 4.9102515154127879e-01
