%YAML:1.0
calibration_time: "Tue Jan  1 08:25:51 2013"
nframes: 25
image_width: 640
image_height: 480
board_width: 4
board_height: 7
square_size: 1.
flags: 0
camera_matrix: !!opencv-matrix
   rows: 3
   cols: 3
   dt: d
   data: [ 4.4006872684839823e+02, 0., 2.7357442611249940e+02, 0.,
       4.3925448525171464e+02, 2.2932435934073524e+02, 0., 0., 1. ]
distortion_coefficients: !!opencv-matrix
   rows: 5
   cols: 1
   dt: d
   data: [ -3.7001155888459830e-01, 1.8587377572269251e-01,
       -7.1332878521784761e-04, -1.2114996990873948e-04,
       -5.6383536780765638e-02 ]
avg_reprojection_error: 2.4175309841399709e-01
per_view_reprojection_errors: !!opencv-matrix
   rows: 25
   cols: 1
   dt: f
   data: [ 1.68842971e-01, 2.16054261e-01, 2.53502607e-01,
       1.71299383e-01, 2.69417077e-01, 3.10461819e-01, 2.11900651e-01,
       2.36425593e-01, 1.30467281e-01, 1.28931656e-01, 1.42544299e-01,
       2.53103644e-01, 2.13406324e-01, 1.64156869e-01, 2.10176796e-01,
       2.91161269e-01, 2.74533391e-01, 2.03051373e-01, 1.77585334e-01,
       1.81968465e-01, 1.51802570e-01, 2.35211447e-01, 1.88122541e-01,
       2.83002585e-01, 5.72702110e-01 ]
# a set of 6-tuples (rotation vector + translation vector) for each view
extrinsic_parameters: !!opencv-matrix
   rows: 25
   cols: 6
   dt: d
   data: [ -4.0160485966043979e-01, -6.3506285442159127e-01,
       1.5979406183625240e+00, 1.9403219529774554e-01,
       -2.4443371893458958e+00, 1.2361822073161134e+01,
       -6.6127368150333943e-01, -3.4629858886539006e-01,
       1.3971853960530063e+00, 8.3581309564610318e-01,
       -1.1781341763131905e+00, 1.4395223609598808e+01,
       -8.4017158512421464e-01, -5.9427495708707878e-01,
       1.1990450815133826e+00, -4.0480229732878492e-01,
       1.3671025148395191e-01, 1.2472586381724996e+01,
       -3.2679218263030618e-01, -2.7010594383847064e-01,
       1.4888639826588062e+00, 2.7791582269774846e+00,
       -1.0754431001337529e-01, 1.2707336567842665e+01,
       -6.2430227525035487e-01, 5.1914450900741504e-01,
       1.5306986298864180e+00, 4.6291727544579722e+00,
       1.1750722777840241e+00, 1.3645176265313102e+01,
       -7.7936805445216117e-01, 7.7229314340553346e-01,
       1.4471002434993530e+00, 4.3312897171969142e+00,
       2.5274969181142395e+00, 1.2054144720053403e+01,
       4.5344940342262274e-02, 1.2736828858845903e+00,
       1.5053130741957383e+00, 6.2307591709205736e+00,
       9.6652470664928514e-01, 1.0821256000875849e+01,
       1.6590664449738182e-01, 1.2663969548029541e+00,
       1.4664129224868374e+00, 6.2593696845639792e+00,
       9.4951663629176641e-01, 1.0623339521230516e+01,
       -5.4099578312756476e-02, 1.6041617084096851e-01,
       1.5112332969132014e+00, 4.4557934338676519e+00,
       -8.6258180009821916e-01, 1.2447608501368165e+01,
       1.4385239513276760e-01, -9.3110933128051313e-02,
       1.5148547039050937e+00, 4.1388655009853528e+00,
       -1.2611214679456209e+00, 1.1252232487518233e+01,
       4.5185126963731875e-01, -5.8107790917130797e-01,
       1.4616405405337101e+00, 3.5458656705351079e+00,
       -3.6648972261506980e+00, 1.0996060720899250e+01,
       6.6119103135175861e-01, -8.6872397989100880e-01,
       1.4334666134003733e+00, 3.6084371055804851e+00,
       -2.6767411908506538e+00, 9.0724934796415564e+00,
       7.0487027025392346e-01, -1.9128877586189882e-01,
       1.6276214566242153e+00, 6.5373206664292143e+00,
       -3.2159431506836738e+00, 9.4840933504328557e+00,
       6.1288145454826859e-01, -2.5310661143785435e-01,
       1.4518796665385938e+00, 5.9578220972002516e+00,
       -3.6218623078722949e+00, 7.9584847613459360e+00,
       9.7624998275496366e-01, 1.4793884197295071e-01,
       1.5585946918995552e+00, 5.7000221401278583e+00,
       -2.9319059179675162e+00, 7.2001161236184181e+00,
       6.5174509806382772e-02, -1.0352371842325705e+00,
       9.4798326705851643e-01, -1.8949291291973708e-01,
       -4.7388267962381807e+00, 8.6493640929366435e+00,
       -9.7906166564550577e-04, -1.0989453581420832e+00,
       9.3415076405374253e-01, 4.7539474594517522e-01,
       -4.5043855113773468e+00, 9.1009437524209034e+00,
       -9.9436140354553809e-02, -8.7779500023147594e-01,
       9.3292662766693124e-01, 3.8873243466519486e-01,
       -4.7094650062464343e+00, 9.8147185840447886e+00,
       -1.5048131002482324e-02, -5.0294790910123288e-01,
       1.1758230119160538e+00, 2.5985166839197515e+00,
       -4.4120787908021404e+00, 1.0339911200918165e+01,
       -1.0241983352147838e-01, -1.9119862787677502e-01,
       1.4778289722096900e+00, 4.4756199914775534e+00,
       -2.2664702234494127e+00, 1.1434004032268520e+01,
       2.9429682277794987e-02, -6.3350176827496871e-02,
       1.8308665397602297e+00, 5.9963837947903320e+00,
       -2.7408888573849849e-01, 1.1404217925760179e+01,
       1.4421636194729820e-01, 1.3432167738360065e-01,
       1.7166863567889743e+00, 7.2939114324056442e+00,
       -1.2677023326147434e+00, 1.0593034555652553e+01,
       6.0411801729603909e-01, 4.7498585988224384e-01,
       1.5800112205145409e+00, 4.9873185458087663e+00,
       -1.0682132873480334e+00, 6.2934316861016955e+00,
       8.1458586198617988e-01, 1.2770111135575737e-01,
       1.2890702057301200e+00, 3.0473920961797112e+00,
       -2.6688403624881762e+00, 5.4001821111690989e+00,
       6.5435203135126652e-01, 5.3993849529553384e-01,
       1.6275655809615510e+00, 3.0552786235173612e+00,
       -1.2831991055069520e+00, 5.3342186732366832e+00 ]
