%YAML:1.0
calibration_time: "Tue Jan  1 08:19:44 2013"
nframes: 25
image_width: 640
image_height: 480
board_width: 4
board_height: 7
square_size: 1.
flags: 0
camera_matrix: !!opencv-matrix
   rows: 3
   cols: 3
   dt: d
   data: [ 7.2643347881418470e+02, 0., 3.1759164452816697e+02, 0.,
       7.2382779782778800e+02, 2.5089825140791925e+02, 0., 0., 1. ]
distortion_coefficients: !!opencv-matrix
   rows: 5
   cols: 1
   dt: d
   data: [ -1.8177954176238956e-01, 4.0172075224944237e-01,
       5.4426086973687353e-04, -1.6294628525994302e-03,
       -9.6372235774879222e-01 ]
avg_reprojection_error: 4.4517247475639360e-01
per_view_reprojection_errors: !!opencv-matrix
   rows: 25
   cols: 1
   dt: f
   data: [ 2.45987013e-01, 3.28330755e-01, 3.33460182e-01,
       3.83576959e-01, 4.09593403e-01, 5.49011171e-01, 4.14620996e-01,
       3.42249155e-01, 6.34489179e-01, 5.38641632e-01, 4.81114000e-01,
       3.16370785e-01, 4.10456777e-01, 4.82246310e-01, 4.02063549e-01,
       2.91238129e-01, 2.73305416e-01, 2.60414869e-01, 3.56384546e-01,
       4.08715874e-01, 3.96960080e-01, 5.12795508e-01, 5.61833143e-01,
       8.79839778e-01, 3.88504386e-01 ]
# a set of 6-tuples (rotation vector + translation vector) for each view
extrinsic_parameters: !!opencv-matrix
   rows: 25
   cols: 6
   dt: d
   data: [ 1.5158762028039480e-01, 6.4754199712743765e-03,
       1.6097953482595468e+00, 1.9968337738888262e+00,
       3.2826866249194681e-01, 1.4490148890616567e+01,
       3.4102037754226888e-01, 3.6317248193456608e-01,
       1.6626243971471568e+00, 2.1871254901593113e+00,
       5.5031090724783016e-01, 1.1829057124538288e+01,
       1.7639585196392840e-01, 3.0935604832729191e-01,
       1.5819149125361287e+00, 2.1408502484330656e+00,
       -1.6183594966562938e+00, 1.3215997278609789e+01,
       3.5548826631598651e-01, 9.4819715046956660e-03,
       1.4267261150602100e+00, 1.5789777849933855e+00,
       -3.7383078116554294e+00, 1.0816130099185788e+01,
       4.1659361316721105e-01, 1.3277885061051018e-02,
       1.5040536205943469e+00, 1.4779917673983527e+00,
       -1.8002798089594347e+00, 9.8145952560515699e+00,
       -8.2420684007356790e-03, 6.0056922016958825e-01,
       1.6465556814980895e+00, 2.7630189090291633e+00,
       1.2587542743450733e-01, 1.0410912870711664e+01,
       1.3227797528436785e-01, 8.3766997775314378e-01,
       1.5856500200336638e+00, 2.4303209957131173e+00,
       -8.7493668414220960e-01, 1.0020820185077197e+01,
       1.8712084571449270e-01, 4.2973721151595545e-01,
       1.5827698409033895e+00, 2.6896451638796051e+00,
       -8.5437544188175629e-01, 1.0794931628689259e+01,
       -5.9479934828503590e-02, 1.3910534458010011e-02,
       1.4983122746481765e+00, 1.9294928102093327e+00,
       -5.8527576634258026e-02, 1.1658366344872151e+01,
       -5.7912817059471144e-01, 1.2717217221784552e-01,
       1.5627127673272985e+00, 6.8535453606757069e-01,
       8.4603656812618599e-01, 1.4558475884591202e+01,
       -6.2596302153438510e-01, 7.6633686026540471e-02,
       1.4480127322302929e+00, 9.9822007085938469e-01,
       -1.5611814843443254e-02, 1.5683622461315657e+01,
       -2.8294068936918826e-01, -2.4922737878680021e-01,
       1.6266649154720954e+00, 1.7067432036217947e+00,
       -3.8512147620345960e+00, 1.5853401374367101e+01,
       8.2939941568341224e-01, -3.1665527339843919e-01,
       1.4537646602490797e+00, 1.7288326104931651e+00,
       -3.8798393460301512e+00, 1.1558554558493524e+01,
       8.0790225285284534e-01, -3.6969294185191659e-01,
       1.4095598418767161e+00, 2.1126357443655315e+00,
       -3.5712725774324108e+00, 1.2456046181973115e+01,
       3.4791954268802056e-01, -1.8854462233301370e-01,
       1.5926450249981670e+00, 8.0942994928355616e-01,
       -2.6691438211279954e+00, 1.2120969107564184e+01,
       2.0404105453694243e-01, 1.0291867629663426e-01,
       1.6550387575368231e+00, 2.0085970992836142e+00,
       -2.9093993783745642e+00, 1.3120445090297510e+01,
       4.3153813981235817e-01, -5.5889433474628558e-01,
       1.5619391695834257e+00, 1.7982787063378298e+00,
       -3.5954104039979020e+00, 1.5545865465028639e+01,
       1.9295623750629654e-01, -5.9312925644306025e-01,
       1.6861202403946784e+00, 1.4019626405454959e+00,
       -2.4007616124890170e+00, 1.5268306993330890e+01,
       7.8961644865416303e-01, 3.7531802585976803e-01,
       1.5880018515778007e+00, 4.8887721660754924e+00,
       -2.4044101287291535e+00, 1.2646813759515322e+01,
       8.2750771913223886e-01, 4.9898446473404084e-01,
       1.5344527342667931e+00, 5.0444991415846641e+00,
       -4.0108103750944775e+00, 1.2311142588701172e+01,
       4.8074372564555279e-01, 8.0052431408809155e-01,
       1.4729141079228223e+00, 4.7808339512559277e+00,
       -1.7183598257994497e+00, 1.1295327941369722e+01,
       3.6175858685533946e-01, 8.1887356649358989e-01,
       1.5289183500465811e+00, 4.6446414986048268e+00,
       -8.0137639111269698e-01, 1.0581063199841420e+01,
       3.9860511470044724e-01, 9.3017430776540311e-01,
       1.5288995704722339e+00, 3.9729051131241806e+00,
       -1.3124156251411248e+00, 1.0076096547944179e+01,
       6.6525088469339921e-01, 1.1476402257484686e+00,
       1.3976401939294258e+00, 2.4891182418652673e+00,
       -1.5852747791026882e+00, 8.3942975244454736e+00,
       5.2358641032800156e-02, 3.3978329950215719e-01,
       1.6858080331099934e+00, 4.8039525675786807e+00,
       -1.7564045550816021e+00, 1.1260982350068954e+01 ]
