<?xml version="1.0"?>
<opencv_storage>
<calibration_time>"Sun Nov 16 17:53:05 2014"</calibration_time>
<nframes>30</nframes>
<image_width>640</image_width>
<image_height>480</image_height>
<board_width>4</board_width>
<board_height>7</board_height>
<square_size>28.</square_size>
<flags>0</flags>
<camera_matrix type_id="opencv-matrix">
  <rows>3</rows>
  <cols>3</cols>
  <dt>d</dt>
  <data>
    6.4681846545968278e+02 0. 2.6189431610828325e+02 0.
    6.4384566966102204e+02 2.4635176357070617e+02 0. 0. 1.</data></camera_matrix>
<distortion_coefficients type_id="opencv-matrix">
  <rows>5</rows>
  <cols>1</cols>
  <dt>d</dt>
  <data>
    -5.8462674736121781e-02 4.0361961965059878e-01
    -3.5356284091785329e-03 -9.4059101068952513e-03
    -4.4605514373107907e-01</data></distortion_coefficients>
<avg_reprojection_error>5.0402964465634181e-01</avg_reprojection_error>
<per_view_reprojection_errors type_id="opencv-matrix">
  <rows>30</rows>
  <cols>1</cols>
  <dt>f</dt>
  <data>
    4.66593236e-01 4.73085999e-01 1.97924757e+00 4.47241753e-01
    3.89449954e-01 3.71030957e-01 3.80600631e-01 3.23817343e-01
    3.24501574e-01 2.96054453e-01 3.06590110e-01 3.70837420e-01
    3.67733121e-01 3.23029429e-01 3.73222947e-01 2.05998719e-01
    3.06782722e-01 4.17301953e-01 4.53020930e-01 3.92401278e-01
    2.46052161e-01 2.80732244e-01 4.58289057e-01 3.61711591e-01
    3.29621732e-01 3.18594635e-01 3.28154832e-01 3.07942957e-01
    2.76027083e-01 2.84691036e-01</data></per_view_reprojection_errors>
<!-- a set of 6-tuples (rotation vector + translation vector) for each view -->
<extrinsic_parameters type_id="opencv-matrix">
  <rows>30</rows>
  <cols>6</cols>
  <dt>d</dt>
  <data>
    -9.2415717031288730e-02 3.0675113129464096e-02
    -1.5098918097592857e+00 -9.3530753214345367e+01
    9.3439479819920805e+01 4.6261829896914236e+02 2.1535383962125076e-01
    1.0943989201926423e+00 -1.5175014674350424e+00
    -6.5348961167266552e+01 -5.4366086661773743e+01
    4.2175048127207538e+02 7.6107324950966268e-02 6.4482888867067190e-01
    -1.5844567970200245e+00 -1.1775209381229585e+02
    5.9792716543774285e+00 3.7172867749438240e+02
    -8.8708008459025844e-01 5.8358581913988117e-01
    -1.1834359773162568e+00 2.8440424929826884e+00
    5.5584359460753305e+01 4.2320746084316352e+02
    -7.5383854676798645e-01 6.0583810427902529e-01
    -1.2074859494581189e+00 -1.2252641537125044e+01
    3.2094908186110025e+01 4.2771046036379045e+02
    -7.4227466692551236e-01 6.1181062057749180e-01
    -1.1840177535539580e+00 4.0853876861901178e+01
    3.6888606565063455e+01 4.2251878909672376e+02
    -8.3212901590597066e-01 4.7846249644706473e-01
    -1.1190129024764810e+00 9.6526380730855212e+00
    6.5161272395612002e+01 4.2641417616927282e+02
    -8.8921894158993831e-01 -5.4112666236442404e-02
    -1.2488894131938910e+00 -1.3015112426023862e+01
    9.0356989485291209e+01 3.9771763867965768e+02
    -9.2439471127049178e-01 -6.7400167296934418e-02
    -1.2402513696201019e+00 1.5881154934725391e+01
    9.7635923399480703e+01 3.9616666468124572e+02
    -5.9705279220850771e-01 4.7518880533253421e-01
    -1.5222432070357241e+00 3.6916438048117570e+01
    6.1093506816836936e+01 4.0720471438508798e+02
    -3.1002949378605693e-01 8.7669840994417558e-01
    -1.4334516022390500e+00 3.1481416233032423e+01
    -2.9483507505295098e+01 4.2368013629901606e+02
    1.8708255709470223e-01 1.1430536683747177e+00
    -1.4239700350038462e+00 1.8318855923117763e+01
    -6.2508313323415010e+01 4.1092473457668905e+02
    4.3656930030276514e-02 1.2368315069843059e+00
    -1.3351641981021953e+00 3.7910523228495848e+01
    -6.9310484905430940e+01 4.2171508354151371e+02
    -2.5878902268996024e-01 1.2197399430514326e+00
    -1.5365046295346303e+00 6.0638460854200410e+01
    -4.6631924415804626e+01 4.4434260890296798e+02
    -7.8119060489220082e-01 -7.2030106239748681e-01
    -1.4675413049638832e+00 -7.7273930456622111e+01
    1.1264664477347959e+02 3.1988472792283022e+02
    -2.1715216408546550e-02 -1.8046951282331351e-02
    -1.5476587020265598e+00 -5.8480467058340352e+01
    5.7425008799321581e+01 3.4645968390474496e+02 5.4244374233296122e-01
    5.9500898081219178e-01 -1.4786283149565644e+00
    -8.0854280871275265e+01 7.4269053390186937e+00
    3.5198699321153344e+02 6.8209175156169821e-01 7.7258089689140319e-01
    -1.3640551815660524e+00 -7.8556616337033972e+01
    -2.5910459148438562e+01 2.9781028595418292e+02
    8.1901820038588713e-01 6.7494813550321886e-01
    -1.3935024409373713e+00 -7.1633835434241263e+01
    -7.5081925457077547e+00 2.7089679116484450e+02
    5.6597751059310342e-01 4.7131046667881599e-01
    -1.4774630022251709e+00 -7.7010448378589416e+01
    3.7786257226988319e+01 2.6064872557943988e+02 2.8963156213138974e-01
    -6.7064273524555540e-01 -1.7529687689360396e+00
    -1.0320879924651170e+02 8.8921842867387909e+01
    3.3687020408605662e+02 -1.2701644040623725e-01
    -9.6958771279095557e-01 -1.9204458314827637e+00
    -6.1059467799712309e+01 1.0437635319634383e+02
    3.3609451051725796e+02 7.0157251775644336e-01
    -3.8981967985537841e-01 -1.4481856592547160e+00
    -1.0449576695688006e+02 2.8460509528358107e+00
    2.9897413237941191e+02 8.6523354718489776e-01
    -2.9911596180988914e-01 -1.3730326104091539e+00
    -1.0404696997340675e+02 -7.4474601676072734e+00
    2.9909852264029411e+02 -9.7698836304082687e-02
    -8.7929395844432390e-01 -1.7562631643587183e+00
    -8.8250157927080366e+01 9.5411534758239796e+01
    2.9508464863070088e+02 4.7910819482196965e-01
    -6.8004567496349100e-01 -1.5453753828796772e+00
    -9.0451402304010173e+01 6.3623716631120729e+01
    2.8932140710679613e+02 6.5083420191573460e-01
    -3.7177703717495075e-01 -1.4201602827288129e+00
    -1.0817216340877448e+02 -1.0006990423870432e+01
    2.9936061496178201e+02 -9.8052919979367353e-02
    -6.4980502758631986e-01 -1.8098453127293503e+00
    -7.9611311300201081e+01 9.1867256865863069e+01
    2.9552111298847387e+02 2.4020997807577354e-01
    -2.1349974767315202e-01 -1.6271399678306344e+00
    -8.0078937803965530e+01 4.1486944397074765e+01
    2.7947117017711787e+02 3.0491790160828641e-01
    -2.7460167473020219e-01 -1.6237787475540340e+00
    -5.9492334825925070e+01 4.7669343808515329e+01
    2.7027203919601209e+02</data></extrinsic_parameters>
